(474.1021163518565, 372.325355771818)
(535.9464512060581, 381.8702329950626)
(527.0603792100558, 355.50431140346194)
(431.8750152921097, 331.0931767783287)
(462.7073473447201, 342.31573911172603)
(366.3451538862575, 369.70658487641003)
(412.84213228223234, 375.8278303724636)
(442.6415570597795, 403.12969623853826)
(540.5690074277746, 373.957739591546)
(543.7156289556218, 372.7578339865721)
(501.049552715968, 347.1229022955871)
(498.4305007794199, 351.39284817760864)
(540.1693525030973, 357.92061018852223)
(539.9781535653779, 370.3778050289214)
(522.5380031709893, 358.75842210105014)
(538.61497612369, 360.8998408183652)
(532.2139959230756, 365.1417423338219)
(432.6317029190527, 374.6151305772634)
(399.30116490753824, 376.22790911334636)
(384.2704970480908, 366.3403407286536)
(409.28905844246435, 369.8812821936111)
(476.17536722026705, 392.2875586143312)
(499.07777630590834, 352.0929571000081)
(505.1823740384916, 391.93536470128987)
(527.2323114767663, 343.14030941118534)
(478.89756171173536, 278.5385638526192)
(497.6691453264074, 282.47472904567707)
(486.1207065181766, 299.35512742891524)
(530.4932543037581, 312.3130680763705)
(512.1292067784897, 389.5451902594751)
(540.5176428724691, 369.721422340032)
(548.2857192391807, 372.24392624954584)
(474.73625897998284, 341.4426662766087)
(443.5752313383978, 378.8340879282999)
(480.91048384265576, 405.1103206160182)
(508.7084625423395, 407.10462527176117)
(493.4912649397698, 394.5693963889555)
(433.37142703389367, 368.8450416484648)
(437.24719225467345, 360.96951054662867)
(435.80201994195784, 368.200795160437)
(432.0071469472597, 375.5594069616404)
(432.8210579215799, 372.4565297786889)
(430.6072909671283, 374.86713276936104)
(432.37000544171696, 374.237247594575)
(427.5818773433629, 372.379079772)
(428.14801839602256, 376.4794341530129)
(431.5736159509104, 374.7356122319476)
(428.159188296057, 374.91991189860806)
(426.75019408892757, 375.96334841316434)
(430.5197004122098, 371.27533201692086)
(432.6456060203059, 360.70774890735674)
(438.0511158161884, 379.48310342286385)
(444.9995016847218, 378.9657345498767)
(442.2875318687975, 325.4379525435144)
(471.9108358041381, 280.59374972206933)
(481.7377465058266, 287.497526854878)
(485.0503436841412, 363.43883152029275)
(516.1787840571368, 371.06081402497347)
(546.4410489684038, 367.64584214234424)
(537.9587157503609, 383.05124265713954)
(425.9236498661091, 376.30380165319093)
(320.9409458355452, 334.16967969851737)
(272.52808533405226, 330.29487852604194)
(273.64341138716253, 330.91925218251674)
(347.7266339330242, 330.127185586143)
(318.775045799285, 336.87687602393896)
(295.7864942909921, 336.5469488227214)
(291.73229158828605, 335.5428987576323)
(382.30157644958877, 361.09658721226685)
(488.57520627520324, 389.968518691555)
(534.230462558846, 385.75256252927255)
(584.0189531977113, 419.784845543907)
(561.9598692566161, 409.0387125890196)
(552.9622444847562, 400.62442194146837)
(488.0005029076037, 392.4734899698654)
(486.1612056363695, 391.51286856467885)
(504.3221091625468, 392.31927757545446)
(532.1356642610245, 361.7019967578998)
(488.75573585844506, 290.9611068734479)
(442.12425505988966, 315.70996713885995)
(423.68982313400295, 372.72846336513066)
(421.680922241249, 373.2382748095093)
(423.65715833271895, 372.44823314032476)
(423.3918895543151, 355.85645802125794)
(424.9824898567524, 363.50712093052226)
(429.83487359731276, 355.9839101007744)
(429.75011894792823, 357.35615091884773)
(422.22940077212456, 354.76946041955455)
(418.00161232858494, 355.1407425162628)
(423.23046346630576, 354.80292639991)
(418.150693652372, 354.3508610969064)
(418.8382428593998, 356.92168491640746)
(418.69315112244476, 356.2789666910091)
(418.5895063914183, 348.6835395257371)
(419.30355124416803, 352.210365141345)
(422.6052712238765, 347.23114308086105)
(420.720340051221, 349.19143793607003)
(422.10545210761353, 354.79179305623757)
(423.39771525430285, 352.52742466359103)
(424.3334218179292, 345.1239665155122)
(421.1765859541044, 347.1239168984447)
(424.28158748758017, 350.6563030950422)
(419.7573144317111, 353.9372820707221)
(423.3584879351405, 354.30194586687804)
(424.7609132366245, 353.73354944180176)
(419.5398173597557, 349.13151816616414)
(424.8199377680531, 365.79832283503214)
(425.2859740530256, 351.65268109428587)
(421.8861212510399, 359.79615191897904)
(419.4265850927413, 358.6312278209462)
(421.4468157318062, 353.19989949222787)
(426.5120753731845, 342.4247477618024)
(415.3041041249018, 358.7369516708227)
(421.5946680798515, 351.8321583000514)
(420.93496225027855, 352.77625915589124)
(419.02415444240455, 350.9673454447135)
(423.1429588335247, 350.34269635153953)
(421.87961560015435, 350.9238036251888)
(421.36206727507613, 347.77955115618437)
(419.81084369687653, 352.66161592024326)
(422.39395352754315, 351.1635948108333)
(420.7625186935573, 353.3905593221464)
(424.79705973956953, 356.8507313831287)
(418.3465630052414, 356.9434966802394)
(417.01295961896244, 351.522130644258)
(419.1826238256581, 356.5069689507864)
(416.67582857619306, 337.93565846078366)
(416.32168002308896, 366.6584236810316)
(486.8808448596194, 368.51201071194475)
(490.0702354037621, 358.55195688093926)
(494.18192900939175, 358.8113512380868)
(494.09492257586163, 360.4742757842148)
(476.71223002818977, 356.9494145522632)
(480.04420675760133, 357.6129003620537)
(479.9022522483475, 357.65921462303)
(481.4078865300319, 357.6017688379289)
(463.8347387061088, 361.9765081138073)
(486.9092572708178, 347.42482309612404)
(469.24696475346485, 371.6345392778548)
(418.98323097689337, 362.1905808629507)
(511.6974559714986, 343.25921967441883)
(522.5491027377609, 351.655159240798)
(494.54130424978905, 348.2562514503353)
(421.4006599221234, 357.58095041010336)
(345.0869241833408, 360.2016460829182)
(316.44524607535135, 328.9401786976902)
(286.8040920066295, 335.21983706595205)
(286.3784464185597, 334.51937149437987)
(269.7693451880724, 336.8906557070791)
(248.77305316881748, 369.0080298522787)
(178.28824668583013, 381.7612850128535)
(197.60539522983842, 366.1666258035432)
(189.2026647045454, 358.46398636842713)
(187.58371773187983, 359.36212945314804)
(186.91412430810132, 362.57209553893057)
(178.3192191720659, 356.59812637375484)
(179.17843040981126, 357.0137232867957)
(178.65570864309336, 354.53468373543535)
(181.60963306236093, 354.76166480410507)
(236.1318396797742, 358.5414399795649)
(126.93323811045798, 356.70892970583884)
(165.75582418717167, 319.1276010087134)
(67.35672990126334, 378.4404142107389)
(130.1553581443443, 399.3303302293718)
(47.15965927723018, 424.6135940163224)
(77.51513126021868, 362.36805849458466)
(128.4949056833487, 352.76633471454124)
(179.70699157551553, 358.0576393081675)
(227.35024335370497, 363.32305491964695)
(203.4375880381535, 367.0757009307066)
(216.39888771589236, 325.4309050556866)
(225.3537506977038, 317.94383230179875)
(214.2615745200952, 325.01910691913264)
(171.74773762699053, 338.41736925067175)
(118.54390695950903, 273.4623149786831)
(112.34341360283547, 277.4559352964403)
